1 90 70
2 46 52
3 11 72
4 24 45
5 63 74
6 63 19
7 9 80
8 53 75
9 2 67
10 90 25
11 40 58
12 91 55
13 68 7
14 60 58
15 83 30
16 1 62
17 86 73
18 14 99
19 26 9
20 83 87
21 59 67
22 87 56
23 59 73
24 32 32
25 56 2
26 25 1
27 15 64
28 89 78
29 68 31
30 41 74
31 18 65
32 50 19
33 29 12
34 23 26
35 51 51
36 77 10
37 99 29
38 64 9
39 22 48
40 62 15
41 10 91
42 35 40
43 99 9
44 42 65
45 77 56
46 79 29
47 62 98
48 76 66
49 7 27
50 17 71
51 73 19
52 65 72
53 89 39
54 78 46
55 20 83
56 64 57
57 3 95
58 86 97
59 92 56
60 73 84
61 27 1
62 60 87
63 92 19
64 1 84
65 9 8
66 76 8
67 82 22
68 97 4
69 58 75
70 48 70
71 12 8
72 60 60
73 67 33
74 66 60
75 8 65
76 43 16
77 74 32
78 61 56
79 44 39
80 42 87
81 80 63
82 43 70
83 93 33
84 77 35
85 17 3
86 33 62
87 69 81
88 100 21
89 80 55
90 36 1
91 10 50
92 11 21
93 75 34
94 8 77
95 89 34
96 47 38
97 71 26
98 57 24
99 94 99
100 7 19
