1 19 8
2 98 8
3 71 2
4 35 9
5 62 9
6 61 10
7 9 9
8 61 6
9 93 2
10 44 4
11 67 6
12 83 10
13 54 7
14 55 7
15 62 8
16 75 1
17 8 10
18 28 8
19 50 7
20 15 6
21 22 10
22 7 4
23 82 7
24 6 3
25 1 4
26 84 8
27 95 10
28 14 6
29 68 2
30 68 7
31 98 2
32 71 10
33 32 4
34 50 7
35 95 9
36 37 8
37 96 10
38 78 9
39 79 4
40 88 4
41 15 7
42 50 2
43 20 9
44 69 9
45 77 7
46 92 8
47 18 10
48 42 4
49 52 1
50 45 2
51 31 4
52 86 1
53 82 8
54 42 4
55 56 6
56 8 9
57 23 3
58 76 3
59 93 9
60 36 6
61 60 9
62 35 9
63 4 1
64 56 7
65 100 1
66 78 3
67 95 1
68 81 2
69 33 2
70 50 10
71 13 4
72 94 2
73 98 2
74 4 10
75 40 2
76 46 3
77 97 2
78 60 5
79 43 1
80 45 9
81 16 2
82 10 2
83 84 9
84 49 4
85 76 1
86 13 9
87 49 8
88 93 4
89 99 1
90 24 5
91 40 8
92 94 7
93 26 10
94 46 1
95 20 4
96 86 5
97 47 9
98 94 7
99 13 2
100 16 3
49 97 1
98 57 7
72 21 5
6 87 1
35 77 8
15 3 5
12 27 3
37 12 4
87 78 5
29 5 2
37 95 2
11 28 5
64 26 2
64 88 1
93 19 10
79 13 8
55 70 9
85 73 3
53 19 8
20 100 3
80 41 1
44 20 10
27 85 2
98 23 7
48 32 5
17 12 8
73 82 4
81 73 4
3 45 6
20 98 1
22 8 6
33 51 5
75 78 5
85 80 7
20 51 6
68 31 2
100 80 7
24 62 8
66 2 4
88 36 8
37 58 8
37 54 4
72 73 4
84 36 2
93 30 2
67 52 4
18 74 6
44 26 6
10 21 1
11 66 7
72 85 9
73 6 3
52 19 6
34 69 7
87 58 8
23 42 1
47 51 1
86 27 7
69 14 7
1 82 6
2 51 4
46 68 6
6 57 8
55 23 9
9 80 5
34 5 10
26 72 5
7 33 5
35 94 10
82 58 3
3 55 7
29 1 7
85 25 7
81 60 9
23 78 10
81 58 10
85 92 5
6 65 5
29 34 9
5 72 1
18 46 4
56 77 4
75 9 10
8 62 10
50 43 8
80 35 10
84 53 4
53 98 5
2 81 4
65 46 3
71 9 7
12 23 1
59 71 8
46 83 8
10 64 8
57 96 4
82 16 10
56 62 5
64 16 1
23 93 8
