293 38 2
5 289 68
243 191 35
75 29 99
75 175 30
193 254 55
28 137 42
42 19 30
185 225 65
94 132 88
188 215 14
232 8 51
297 251 73
254 48 36
139 107 34
65 143 12
203 85 69
158 9 6
270 203 38
268 88 67
255 20 54
260 206 10
128 6 73
292 37 28
148 175 79
71 288 9
26 255 62
124 193 80
86 75 13
124 32 85
104 210 80
200 185 93
280 79 92
78 213 95
215 247 82
90 219 53
12 73 33
97 180 67
284 186 95
105 9 95
11 296 28
181 227 60
40 117 58
283 271 6
24 30 88
209 111 36
70 225 83
130 138 27
159 64 39
278 283 93
150 62 54
130 267 60
214 181 89
213 224 83
198 21 90
132 2 13
44 30 1
94 251 98
27 38 17
231 27 100
180 200 29
249 294 14
79 157 52
267 136 20
229 25 35
197 277 5
142 4 20
33 61 76
220 181 96
50 281 58
210 49 14
15 228 1
208 37 99
122 235 60
9 83 29
146 53 62
199 13 58
3 94 91
252 1 20
77 156 67
244 119 80
137 184 77
21 103 7
164 210 55
60 150 40
43 192 12
195 51 84
115 12 10
12 217 45
64 262 50
160 58 20
236 147 32
191 140 79
62 92 81
150 131 96
60 202 58
189 253 76
168 279 23
41 259 19
236 243 32
