INF 83 60 140 94 19 132 168 INF INF 193 52 171 195 97 168 
83 INF 117 74 140 148 76 INF 158 59 176 98 193 178 33 137 
60 117 INF INF INF 190 INF 171 75 161 138 INF 174 106 138 126 
140 74 INF INF 167 55 132 74 160 152 INF 162 7 63 72 27 
94 140 INF 167 INF 163 86 6 51 88 198 8 80 34 193 157 
19 148 190 55 163 INF 163 INF 23 142 168 20 4 172 81 41 
132 76 INF 132 86 163 INF 35 129 43 47 22 174 162 6 40 
168 INF 171 74 6 INF 35 INF 176 68 31 INF 193 127 142 170 
INF 158 75 160 51 23 129 176 INF 142 INF 105 80 25 25 171 
INF 59 161 152 88 142 43 68 142 INF 36 85 198 183 196 60 
193 176 138 INF 198 168 47 31 INF 36 INF 125 138 161 181 167 
52 98 INF 162 8 20 22 INF 105 85 125 INF 163 184 111 93 
171 193 174 7 80 4 174 193 80 198 138 163 INF 194 185 79 
195 178 106 63 34 172 162 127 25 183 161 184 194 INF 164 140 
97 33 138 72 193 81 6 142 25 196 181 111 185 164 INF 3 
168 137 126 27 157 41 40 170 171 60 167 93 79 140 3 INF 
